273.21
291.14
281.85
310.67
322.50
316.86
313.30
326.41
314.74
315.45
317.78
327.48
340.44
320.40
323.61
317.50
316.60
293.21
303.82
312.76
288.77
294.35
293.55
300.00
305.65
312.67
310.50
312.62
317.06
321.42
326.88
321.55
328.67
300.41
308.01
315.69
318.25
311.62
306.10
297.82
303.00
305.50
306.93
316.16
320.98
334.15
332.94
338.20
330.40
327.02
329.59
327.85
314.60
318.68
319.69
335.03
343.72
349.16
340.26
331.70
325.60
328.51
331.48
344.68
344.84
343.82
346.07
347.60
370.24
402.43
411.43
409.67
416.56
421.72
429.13
423.72
429.03
419.08
421.02
439.50
433.12
440.75
435.57
416.58
436.69
432.45
425.23
426.18
411.45
419.70
417.86
426.33
421.31
423.60
440.61
442.05
429.00
413.90
430.17
438.69
451.60
452.65
439.61
443.69
453.80
443.60
440.71
435.09
421.88
433.36
432.36
426.56
396.34
382.78
398.74
393.71
398.50
394.74
383.76
401.09
405.95
416.89
426.20
425.29
422.12
431.11
445.39
451.66
435.25
435.70
443.61
440.33
441.67
467.66
465.83
466.20
473.12
474.72
485.33
482.84
476.80
473.82
459.00
453.83
449.30
435.30
444.57
428.78
431.29
424.37
430.39
438.00
443.95
434.22
437.65
435.26
417.44
419.62
432.63
444.04
434.28
430.69
430.10
414.62
422.70
414.50
413.69
399.18
387.53
397.75
407.29
417.00
420.03
414.00
410.88
400.51
409.58
404.11
405.50
394.04
397.64
412.15
403.66
398.11
388.25
385.39
394.58
399.42
394.21
381.40
398.19
402.15
394.65
389.95
394.42
393.00
392.31
378.73
364.46
372.73
376.31
385.01
371.87
359.47
352.14
361.00
374.08
359.03
346.64
337.24
339.67
337.25
342.74
348.57
354.77
362.50
381.80
391.65
388.33
385.22
385.30
368.39
370.73
364.02
372.54
370.04
368.17
378.80
384.80
389.00
384.02
402.12
416.39
416.80
422.26
430.21
441.16
422.00
405.33
393.63
406.39
412.90
420.51
426.12
435.52
436.30
428.14
415.43
413.65
416.00
417.16
388.59